5 6 5 1 3 3 3 3 3
1 4 5 3 3 2 2 2 2
5 3 2 1 0 3 0 3 0
5 2 2 4 1 0 0 0 1
4 5 6 2 3 3 3 2 2
6 2 3 6 1 0 1 1 0 0 1
3 2 1 5 0 1 1 1 0
2 0 6 6 2 2 2 1 1 1 2 1 1 1
4 2 3 6 0 1 1 1 1
6 6 2 5 3 0 0 0 0
1 3 4 6 1 2 2 1 2 1
2 5 5 3 3 2 2 3 2
3 4 7 3 3 2 2 2 2
3 5 7 4 2 3 2 2 2
5 0 7 4 1 1 2 2 1 1
3 4 7 1 3 2 3 3 2 2 2
sleep 202
1 5 7 2 2 3 3 2 2 2 3 2 2
5 3 2 5 0 1 1 0 0
2 5 4 0 3 2 3 2 3 3 3
2 4 6 2 2 2 2 2 3 3
4 4 0 3 3 0 0 0 0
6 5 3 1 0 0 0 3 3 3 3
4 0 0 1 1 0 0 0 0
6 7 5 1 0 3 3 3 3 3 3
2 6 3 1 2 3 3 3 3 3
6 6 2 2 3 3 3 0 3 0 0 0
5 3 1 4 1 0 0 0 0
6 7 2 4 0 3 0 3 0 3 0
sleep 235
6 6 5 1 3 0 3 3 3 3
3 2 0 4 1 0 0 0 1
4 7 2 0 3 3 0 3 0 3 3 3 3
5 5 2 7 0 1 0 0 1
1 2 3 7 2 2 1 1 1 1 1
0 4 4 3 2 3 2 2 2
7 7 3 4 0 3 0 3 0 0 3
2 7 5 5 2 2 2 3 3
6 4 3 7 0 0 1 0 1 1
4 6 1 2 3 3 3 0 0 3 0
3 6 6 3 2 3 2 2 3 3
5 7 3 3 3 3 0 3 0 3
7 4 3 6 0 1 0 0 0 1
7 4 5 1 0 3 0 3 3
sleep 171
1 3 5 1 3 3 2 2 2 2
5 3 2 5 1 0 0 1 0
5 0 7 3 2 1 2 1 1
7 1 5 4 1 0 1 1 0
6 3 1 4 1 0 0 0 0 0
5 0 4 4 0 1 1 1 1
6 1 3 3 0 1 0 1 0
6 2 2 5 0 0 0 1 0 1 1
7 6 5 3 3 3 3 0 0
1 4 4 2 2 3 2 3 2
0 3 7 2 2 3 2 2 2 2 2 2
4 5 5 1 3 2 3 3 3
4 4 7 2 3 3 2 2 2
1 3 6 3 2 2 2 2 2
sleep 193
0 5 2 2 2 3 3 3 2
0 5 4 7 2 2 1 2 1 2
3 3 6 5 1 1 2 2 2
3 6 0 4 3 0 3 0 0
5 7 3 4 3 3 0 3 0
1 6 3 2 3 3 2 3 2 3
4 3 2 7 0 0 1 1 1 1
5 1 2 5 1 0 0 1 0 1 1
0 4 6 4 2 2 2 2 2 2
3 7 4 3 2 3 3 3 3
6 7 4 2 0 0 3 3 3 3 3
sleep 131
5 4 3 0 0 3 0 3 3 3
4 7 6 3 3 2 3 3 2 3
3 6 4 0 2 3 3 3 3 3 3
2 5 7 4 3 2 2 2 2 2
1 5 4 0 3 3 2 2 3 2 3 3
2 4 6 6 2 2 1 2 2 1
0 7 7 4 3 2 3 2 2 3 2 2 2 2
3 2 2 6 0 1 1 1 1
0 5 6 3 3 2 3 2 2 2 2 2
6 6 4 3 0 3 3 3 0
4 3 6 7 1 2 2 1 1 1
sleep 245
3 5 0 3 3 3 0 0 0
3 4 6 2 2 2 3 3 2
5 3 0 3 0 0 0 0 0
1 3 7 5 1 1 2 2 2 2 2 2
4 5 1 7 0 0 0 1 1
4 1 6 4 1 1 2 1 2
5 5 3 2 0 3 0 3 3
3 0 1 6 0 1 0 1 1 1 1 1
3 3 6 5 2 2 1 2 1
5 6 2 3 3 3 3 0 0 0
4 6 5 1 3 2 3 3 3 3
2 1 6 3 2 2 1 2 2 1
1 4 6 1 3 2 3 3 2 2 2 2
5 1 2 6 1 1 0 0 0 1 1 1
5 5 1 7 1 1 0 0 0 0
3 6 5 2 3 2 2 3 3 3
4 3 7 6 1 2 1 1 2 2
4 3 6 6 2 1 2 1 1
sleep 155
5 3 2 1 0 3 0 3 0
7 5 2 5 0 0 0 0 0
4 3 2 7 0 0 1 1 1 1
2 2 6 4 2 2 1 2 2 1
5 5 1 3 0 0 3 3 0 0
3 5 1 2 3 3 0 0 3
6 5 3 2 3 0 0 3 3 0
5 2 2 5 1 1 1 0 0 0
2 2 6 5 1 2 1 2 2 2 1
5 5 2 1 3 3 3 3 0 0 0
sleep 194
0 4 4 5 1 2 2 2 2
1 6 5 3 2 3 3 3 2 2 2
3 5 7 6 2 1 2 2 2
5 2 2 4 1 0 1 0 0
5 4 2 1 0 0 0 3 3 3
6 3 1 5 0 0 1 0 1 0 0
3 7 7 3 2 2 2 3 2 3 3 3
2 5 5 3 3 3 2 2 2
sleep 115
4 1 3 5 0 1 1 1 1
4 2 2 6 0 1 1 1 0 1
3 5 1 1 0 3 0 3 3 3
4 0 5 6 1 2 1 1 1 1 1
4 6 0 2 3 3 3 3 0 0 0 0
7 5 2 5 0 0 0 0 0
2 2 0 5 1 0 1 0 1
3 4 6 7 2 2 1 1 2 1
3 1 5 5 2 2 1 1 1 1
1 6 4 1 3 2 2 3 2 3 3 3
3 4 1 1 3 0 3 3 0
4 1 2 4 0 1 0 1 1
2 1 0 7 1 1 0 1 0 1 1 1
sleep 140
5 2 6 6 2 1 1 1 1
4 2 2 5 1 1 0 1 0
4 2 6 5 1 1 1 2 2
6 5 4 2 0 3 0 3 3
4 5 2 2 0 3 0 3 3
4 2 0 5 1 1 0 1 0 0 0
1 1 2 6 1 2 1 1 1 1
4 6 6 3 3 2 3 2 3
5 3 7 6 2 2 1 1 1
4 2 7 5 2 2 2 1 1 1
6 4 0 4 0 0 0 0 0 0
1 2 2 6 2 1 1 1 1
2 1 5 3 2 1 2 1 2
6 5 2 1 3 0 0 3 0 3 0 3
2 3 5 5 1 1 2 2 2
2 4 5 2 3 2 2 3 2
5 3 1 1 0 0 3 0 0 3
2 6 3 0 2 3 3 3 3 3 3
sleep 162
5 4 0 4 0 0 0 0 0
0 3 5 3 2 2 2 2 2
1 4 7 4 2 2 2 2 2 2
1 3 6 4 1 2 2 2 2 2
3 3 7 4 2 1 2 2 2
4 3 6 6 2 1 2 1 1
7 3 2 3 0 0 0 0 0
2 6 0 3 0 0 3 3 3
0 5 6 3 2 3 2 2 2 2 3 2
1 3 5 6 2 2 1 1 1 2 2
1 0 6 5 1 2 1 2 1 1 1 2 2 2
5 6 3 3 3 3 0 0 3
5 1 3 7 0 1 0 1 1 1 1 1
0 4 6 7 2 1 2 1 2 2 2 2 1
6 1 0 4 1 0 1 0 1 0 0 0 0
sleep 258
5 1 3 7 0 0 1 1 1 1 1 1
6 2 3 5 0 1 1 0 0 1
6 7 2 3 3 0 0 3 0 0 3 3
7 3 4 1 0 0 0 3 3
3 6 5 2 3 3 2 3 3 2
3 6 5 2 2 2 3 3 3 3
1 6 1 1 3 3 3 3 3
1 1 4 4 1 1 1 2 2 2
4 6 2 3 3 0 3 0 3
6 3 0 3 0 0 0 0 0 0
2 1 4 6 1 1 1 2 1 1 2
5 3 1 2 3 0 0 0 0
6 5 1 2 3 3 3 0 0 0 0 0
3 6 1 0 3 3 3 0 3 3 3 0
1 1 3 4 2 1 2 1 1
sleep 169
6 3 4 6 0 0 1 1 1
7 5 3 3 3 3 0 0 0 0
3 5 7 6 2 1 2 2 2
2 3 7 2 3 2 2 2 2 2
5 1 2 7 0 0 0 1 1 1 1 1 1
0 5 4 4 3 2 2 2 2
2 6 4 3 2 3 2 3 3
5 3 3 7 0 1 1 1 0 1
6 0 4 7 1 0 1 0 1 1 1 1 1
7 2 3 6 1 0 0 1 0 0 1 1
2 6 5 2 3 3 3 2 2 3 2
5 3 3 0 0 3 3 3 0
2 0 5 5 2 1 1 2 2 1 1 1
3 7 6 5 2 2 3 2 3
5 3 3 7 1 0 0 1 1 1
6 3 1 6 0 0 0 1 1 0 1 0
sleep 156
4 2 3 7 1 1 1 1 0 1
0 6 0 1 3 3 3 3 3
1 2 3 6 1 1 1 1 2 2
5 5 1 3 0 3 3 0 0 0
0 6 6 6 2 2 2 2 2 2
7 3 1 6 0 0 1 0 1 0 0 0 1
7 6 3 2 0 3 3 0 3 0 0 3
5 0 2 6 1 1 0 0 0 1 1 1 1
1 6 4 0 3 3 2 2 3 2 3 3 3
6 1 3 4 1 0 0 0 1 1
6 5 1 5 0 0 0 0 0
2 2 6 4 2 2 1 2 2 1
2 4 6 3 2 2 2 2 3
1 6 4 4 3 3 2 2 2
0 3 4 4 1 2 2 2 2
2 5 5 3 2 2 2 3 3
1 5 1 0 3 3 3 3 3
7 0 3 2 1 1 0 0 0 0
sleep 186
4 6 6 3 3 2 2 3 3
4 6 2 3 0 0 3 3 3
3 2 2 6 0 1 1 1 1
4 4 1 2 0 3 0 3 0
5 3 7 7 1 1 1 1 2 2
0 3 3 0 3 2 2 2 3 3
2 5 6 1 3 2 3 2 3 3 2 2
3 6 7 1 3 2 3 2 3 2 3 2 3
6 5 0 5 0 0 0 0 0 0
6 1 5 5 0 1 1 1 1
2 6 6 7 1 2 2 2 2
5 4 2 0 0 0 0 3 3 3 3
5 5 6 1 2 3 3 3 3
sleep 277
7 5 3 6 1 0 0 0 0
3 4 7 2 2 2 2 3 2 3
1 6 4 2 3 2 3 3 3 2 2
4 5 6 1 2 3 3 2 3 3
6 6 1 5 0 3 0 0 0 0
0 1 5 4 1 1 1 2 2 2 2 2
6 6 0 3 3 0 3 0 0 0 3 0 0
5 3 1 4 1 0 0 0 0
7 0 1 2 0 1 1 0 0 0 0 0
6 5 0 6 0 1 0 0 0 0 0
4 7 1 0 0 3 3 3 3 0 3 0 3 3
sleep 228
2 1 5 5 1 1 1 1 2 2 2
0 4 4 5 1 2 2 2 2
6 3 2 1 3 0 0 3 0 0
7 7 4 4 0 0 0 3 3 3
6 3 4 6 0 1 0 1 1
3 4 6 6 1 1 2 2 2
3 6 4 1 3 3 3 3 2 3
3 1 7 4 1 1 1 2 2 2 2
2 5 5 2 2 2 3 2 3 3
5 2 2 5 1 1 0 0 0 1
5 4 1 1 0 3 0 0 3 3 0
5 1 3 6 1 1 1 0 1 1 0
7 1 3 5 1 0 1 0 0 1 0 1
6 5 0 2 0 0 0 0 0 3 0 3 3
6 5 5 1 0 3 3 3 3
5 7 4 1 0 3 3 3 3 3 3
3 5 5 1 2 2 3 3 3 3
2 6 5 0 3 2 3 2 3 2 3 3 3
sleep 246
4 3 7 6 2 1 2 2 1 1
2 5 5 3 2 3 2 2 3
0 7 5 7 2 2 2 2 2
0 7 4 5 2 2 3 2 2 3
0 7 1 3 2 3 3 3 3
4 3 1 1 3 3 0 0 0
7 4 3 5 0 1 0 0 0
5 0 3 6 1 0 1 0 1 1 1 1
6 2 1 5 1 1 0 0 1 0 0 0
1 3 7 7 2 1 1 1 1 2 2 2 2 2
3 7 4 2 2 3 3 3 3 3
0 2 5 4 1 2 1 2 2 2 2
2 6 5 4 2 2 2 3 3
3 6 1 1 3 3 0 0 3 3 3
3 3 6 5 2 2 2 1 1
3 2 7 5 2 2 2 2 1 1 1
3 0 5 5 2 2 1 1 1 1 1
sleep 177
7 3 4 5 0 1 1 0 0
0 3 7 4 2 1 2 2 2 2 2 2
2 5 7 7 1 2 1 2 2 2 2
5 1 4 5 0 1 1 1 1
3 3 2 7 0 1 1 1 1
6 1 2 4 1 1 0 0 1 0 0
1 5 5 3 3 3 2 2 2 2
5 6 1 4 3 3 0 0 0 0
7 4 4 1 3 0 0 0 3 3
sleep 144
5 7 5 0 3 3 3 3 3 3 3
4 3 1 6 1 1 0 0 1 0
6 1 3 6 1 0 1 0 1 0 1 1
6 3 3 7 1 1 1 0 1 0 0
4 1 1 5 0 0 0 1 1 1 1
3 2 4 6 1 1 1 1 2
6 3 1 7 0 0 1 0 0 0 1 1 1
4 4 1 2 3 0 3 0 0
2 5 0 2 0 3 0 3 3
3 6 4 2 3 2 3 3 3
6 6 3 0 0 0 3 3 0 3 3 3 3
4 6 1 4 3 3 0 0 0
4 2 2 6 1 0 0 1 1 1
2 0 5 4 1 2 2 2 1 1 1
sleep 228
5 1 5 6 1 1 1 1 1
7 4 1 4 0 0 0 0 0 0
5 2 4 6 0 1 1 1 1
3 4 7 2 3 2 3 2 2 2
2 2 7 0 3 3 2 2 2 2 2
7 4 5 1 0 3 0 3 3
0 2 1 6 2 1 1 1 1
1 0 5 4 2 2 2 1 1 2 1 1
5 5 0 6 0 1 0 0 0 0
6 3 1 5 1 1 0 0 0 0 0
1 4 5 6 2 2 1 2 1 2
1 3 7 4 1 2 2 2 2 2 2
5 6 2 4 0 3 0 0 3
sleep 208
5 5 1 6 1 0 0 0 0
2 7 3 3 2 3 3 3 3
2 0 3 7 2 1 1 1 1 1 1 1
3 6 2 2 0 3 3 3 3
1 6 6 0 3 3 3 3 3 2 2 2 2 3 2
2 6 4 1 3 3 2 2 3 3 3
2 3 6 1 3 2 2 2 2 3
2 6 6 7 1 2 2 2 2
sleep 259
4 7 3 2 0 3 3 3 3 3
6 2 2 4 0 0 1 1 0 0
2 1 4 6 1 2 2 1 1 1 1
2 3 6 5 2 1 2 2 1 2
5 4 2 7 0 1 0 1 1 0
5 2 3 6 0 0 1 1 1 1
4 6 2 2 0 0 3 3 3 3
4 2 7 4 2 2 1 2 1
3 0 1 3 1 1 0 0 1
4 3 0 5 1 0 0 0 1 0
1 3 4 7 1 1 2 2 1 1 2
5 7 3 4 3 0 0 3 3
6 6 4 3 3 3 0 3 0
4 6 7 1 2 3 3 2 3 2 3 3
sleep 190
3 1 3 7 1 1 1 1 1 1
7 5 4 3 0 3 3 0 0
5 7 5 1 3 3 3 3 3 3
5 1 1 0 0 3 0 0 0
4 6 6 2 2 3 3 2 3 3
2 3 5 6 1 1 1 2 2 2
2 4 3 0 2 3 3 3 3
1 3 5 7 1 1 2 1 1 2 2 2
4 7 7 3 2 2 3 3 3 3 2
sleep 188
1 5 6 6 1 2 2 2 2 2
1 1 5 7 1 1 1 2 1 2 2 1 1 2
2 0 3 6 2 1 1 1 1 1 1
2 3 5 6 1 2 1 1 2 2
0 5 6 2 3 2 2 2 3 3 2 2 2
2 2 7 2 2 2 2 2 2
5 4 1 0 0 0 3 3 3 3 0 0
0 1 7 3 1 2 2 1 2 2 2 2 2
0 6 7 4 3 3 2 2 2 2 2 2 2
2 1 5 3 2 1 1 2 2
0 2 7 4 2 1 2 2 1 2 2 2 2
0 4 4 1 3 3 3 2 2 2 2
3 7 5 3 2 2 3 3 3 3
6 7 3 0 3 0 3 3 0 3 3 0 3 3
1 1 7 4 1 2 1 2 2 2 2 2 1
sleep 191
2 6 5 4 3 2 3 2 2
6 2 3 5 0 1 1 1 0 0
7 6 3 5 3 0 0 0 0
5 3 1 1 0 3 0 3 0 0
3 1 7 6 2 1 1 2 2 1 2 1 1
0 4 5 6 1 2 1 2 2 2 2
3 1 5 7 2 1 1 2 1 1 1 1
6 0 3 3 0 0 0 1 1 1
6 3 1 5 0 0 1 1 0 0 0
2 0 3 4 2 1 1 1 1
4 7 7 1 2 3 2 3 3 3 3 3 2
2 3 6 2 2 2 3 2 2
6 4 0 3 3 0 0 0 0 0 0
1 2 7 3 2 1 2 2 2 2 2
sleep 135
3 4 1 0 3 0 0 3 3 3
5 3 4 7 0 1 1 1 1
4 7 3 3 3 0 3 3 3
4 0 4 5 1 1 1 1 1
3 6 2 0 3 0 3 3 3 3 3
1 5 5 3 2 3 3 2 2 2
3 1 4 6 1 1 2 1 1 1
0 2 4 3 1 2 2 2 2
6 4 2 5 1 0 0 0 0
5 2 3 5 0 1 0 1 1
2 5 1 1 0 3 3 3 3
3 4 5 1 2 2 3 3 3
5 3 2 5 1 1 0 0 0
4 0 5 4 1 1 2 1 1
3 0 5 3 2 1 2 1 1
3 4 6 1 3 2 3 2 3 2
sleep 156
1 4 6 2 2 3 2 3 2 2 2
7 7 3 2 0 0 0 0 3 3 3 3 3
6 3 1 4 1 0 0 0 0 0
3 3 6 1 3 3 2 2 2
4 1 7 5 2 2 2 1 1 1 1
5 3 2 5 1 0 1 0 0
2 4 5 2 2 3 2 3 2
5 3 3 6 0 1 1 0 1
3 5 6 2 2 3 3 3 2 2
6 5 1 1 0 0 0 0 3 0 3 3 3
0 5 2 1 3 2 3 2 3 3
2 1 4 6 1 2 1 2 1 1 1
5 6 2 3 0 0 0 3 3 3
1 6 4 1 2 2 3 3 3 2 3 3
4 1 6 7 2 1 2 1 1 1 1 1
7 6 0 4 0 0 3 0 0 0 3 0 0
5 5 2 1 3 3 3 0 0 3 0
6 5 3 1 0 3 3 0 0 3 3
7 1 2 4 1 1 0 0 0 1 0 0
sleep 194
6 5 2 6 1 0 0 0 0
1 5 4 2 2 2 2 3 3 3
5 7 1 5 3 0 0 3 0 0
2 2 6 5 2 1 1 1 2 2 2
6 4 1 7 1 0 0 1 0 1 0 0
3 2 5 6 1 1 1 2 1 2
3 5 5 2 3 3 2 3 2
2 6 5 4 2 3 3 2 2
2 2 5 4 2 1 1 2 2
7 4 3 2 3 0 0 0 0 3
4 5 4 0 3 3 3 3 3
6 7 3 3 3 3 3 3 0 0 0
6 4 3 1 0 0 3 0 3 3
sleep 182
5 0 3 6 0 1 0 1 1 1 1 1
5 4 1 5 0 0 1 0 0
7 3 2 4 0 1 0 0 0 0
2 2 6 4 1 2 2 1 2 2
2 2 5 4 2 2 2 1 1
4 7 2 2 0 3 3 3 0 3 3
4 6 6 2 2 3 3 3 2 3
6 2 2 1 0 3 0 0 0
5 0 2 3 0 0 0 1 1 1
7 6 5 3 0 0 3 3 3
2 4 6 0 3 2 2 3 2 2 3 3
7 4 4 6 1 1 0 0 0
sleep 204
2 5 3 1 3 3 3 2 3
2 7 5 3 2 3 2 3 3 3 2
1 5 7 7 1 2 2 2 1 2 2 2
7 6 2 2 3 0 0 0 0 0 3 3 3
2 3 5 5 1 2 2 1 2
0 4 4 6 2 1 1 2 2 2
7 6 0 6 0 0 0 0 0 0 0
6 6 1 4 3 3 0 0 0 0 0
5 7 3 4 0 0 3 3 3
4 5 2 2 0 3 0 3 3
4 7 1 3 3 0 0 3 3 0 3
5 4 7 7 1 1 2 1 2
sleep 234
5 2 0 5 0 1 1 1 0 0 0 0
7 4 2 1 0 0 0 0 3 0 3 3
2 5 6 1 3 3 3 3 2 2 2 2
7 5 1 2 0 3 3 3 0 0 0 0 0
2 4 5 0 3 3 2 3 3 2 2
4 3 7 6 1 2 1 1 2 2
1 2 6 3 1 2 2 2 2 2
4 0 6 3 2 1 2 1 1
1 7 6 2 3 3 3 3 3 2 2 2 2 2
3 2 6 5 1 2 2 1 2 1
7 5 2 3 3 0 3 0 0 0 0
7 5 4 3 3 0 3 0 0
7 5 0 2 3 0 3 0 3 0 0 0 0 0
0 2 5 1 3 2 2 2 2 2
4 6 2 3 3 3 0 3 0
6 5 1 3 3 0 0 3 0 0 0
1 4 6 2 3 2 2 3 2 2 2
sleep 203
7 4 1 2 0 0 3 0 3 0 0 0
4 2 0 3 1 0 0 0 0
6 3 0 0 3 3 3 0 0 0 0 0 0
2 4 7 2 3 3 2 2 2 2 2
3 6 0 2 3 0 3 3 3 0 0
0 4 7 3 2 3 2 2 2 2 2 2
2 7 6 3 2 3 3 2 3 2 3 2
4 2 6 5 1 2 2 1 1
5 4 0 4 0 0 0 0 0
2 2 6 5 2 1 1 1 2 2 2
3 0 3 6 1 1 1 1 1 1
4 3 6 0 2 2 3 3 3
1 4 5 3 3 2 2 2 2
6 1 3 4 0 1 1 0 0 1
4 1 3 5 0 1 1 1 1
sleep 289
7 6 3 4 0 3 3 0 0 0
3 2 4 6 1 1 1 2 1
5 1 2 5 1 0 1 1 0 1 0
5 5 2 0 0 3 3 0 3 3 0 3
3 4 7 7 2 2 1 1 1 2 2
3 1 6 4 2 2 1 1 1 2
5 6 2 4 3 3 0 0 0
7 2 4 6 0 0 0 1 1 1 1
7 3 3 5 0 1 0 1 0 0
2 4 5 7 1 1 2 1 2 2
1 0 7 5 2 1 2 2 1 2 1 2 1 2 1
sleep 145
4 4 6 1 2 3 3 2 3
5 4 1 5 1 0 0 0 0
4 1 3 5 0 1 1 1 1
2 3 6 4 1 2 2 2 2
6 2 5 6 0 1 1 1 1
1 4 6 7 2 1 1 2 2 1 2 2
2 3 7 2 3 2 2 2 2 2
6 7 3 4 0 0 0 3 3 3
2 1 4 4 2 1 1 2 1
7 7 3 4 0 0 3 3 3 0 0
1 3 5 4 1 2 2 2 2
1 3 4 6 1 2 1 2 1 2
sleep 201
2 3 7 1 3 3 2 2 2 2 2
6 4 2 1 0 0 0 0 3 3 3
2 3 6 2 3 2 2 2 2
7 3 2 5 0 0 1 1 0 0 0
7 5 3 7 0 1 0 1 0 0
2 7 3 0 2 3 3 3 3 3 3 3
7 3 2 2 3 0 0 0 0 0
sleep 179
6 0 3 6 0 0 1 1 1 1 1 1 0
1 6 5 5 3 2 2 2 2
0 5 2 1 2 2 3 3 3 3
3 1 4 6 2 1 1 1 1 1
2 7 3 3 3 3 2 3 3
3 7 7 4 2 2 3 2 3 2 3
7 1 2 1 0 0 0 0 0
2 2 5 7 1 1 1 2 2 2 1 1
6 4 2 6 1 1 0 0 0 0
3 4 7 2 2 2 3 2 3 2
6 2 4 5 0 1 0 1 1
3 4 7 3 2 3 2 2 2
4 1 5 6 1 1 1 1 1 2
0 6 6 5 2 2 2 3 2 2 2
3 2 6 7 1 1 2 1 1 2 2 1
4 1 6 4 1 1 1 2 2
6 1 5 7 1 0 1 1 1 1 1
2 7 5 3 2 2 3 2 3 3 3
2 5 6 3 3 2 3 2 2 2
sleep 144
2 5 3 1 3 2 3 3 3
2 1 4 6 2 2 1 1 1 1 1
5 1 4 6 1 0 1 1 1 1
3 7 5 4 2 3 3 3 2
3 3 1 7 1 0 0 1 1 1
2 4 6 5 2 1 2 2 2
2 5 5 0 2 2 2 3 3 3 3 3
4 1 4 6 1 1 1 1 1
1 3 6 5 1 2 1 2 2 2 2
1 3 7 3 2 2 2 2 2 2
2 3 6 6 2 1 2 1 1 2 2
3 3 4 7 2 1 1 1 1
0 2 6 6 1 1 2 2 2 1 2 1 2 2
4 4 7 2 3 3 2 2 2
2 4 7 1 2 2 2 3 2 2 3 3
sleep 267
5 6 5 1 3 3 3 3 3
7 6 2 4 0 3 3 0 0 0 0
7 4 3 3 0 3 0 0 0
5 0 3 4 1 1 1 1 0 0
2 6 4 3 2 3 2 3 3
3 6 5 3 3 3 3 2 2
7 6 2 4 0 3 0 3 0 0 0
4 7 6 3 2 2 3 3 3 3
6 2 3 6 0 1 0 1 0 1 1
1 2 6 4 2 1 1 2 2 2 2
1 0 5 5 1 2 1 1 2 2 1 1 2
2 5 3 0 3 3 2 3 3 3
3 3 6 6 2 1 2 1 1 2
2 3 4 6 1 1 2 2 1
2 2 1 6 1 0 1 1 1
3 7 5 1 3 3 3 2 2 3 3 3
sleep 151
2 6 4 3 2 3 3 2 3
3 3 6 6 2 1 2 1 2 1
4 5 2 1 3 0 0 3 3 3
5 5 0 5 0 0 0 0 0
4 7 2 0 0 0 3 3 3 3 3 3 3
0 2 4 3 2 1 2 2 2
5 2 4 6 1 1 1 1 0
6 2 3 6 1 0 0 0 1 1 1
5 6 4 2 0 3 3 3 3
3 4 7 3 3 2 2 2 2
3 4 6 6 1 2 2 2 1
7 5 3 3 3 0 0 3 0 0
sleep 201
6 2 1 7 1 1 1 1 0 0 1 0 0 0
6 0 1 7 1 1 1 0 0 1 1 0 0 0 1 1
1 4 6 6 2 1 1 2 2 2 2
3 7 7 6 3 2 2 2 2
7 2 5 6 1 1 0 1 0 1
6 4 1 4 0 0 0 0 0
6 3 3 5 1 1 0 0 0
7 3 4 7 0 0 1 0 1 1 1
4 0 5 4 2 1 1 1 1
3 7 7 5 3 3 2 2 2 2
2 2 4 5 1 1 1 2 2
3 7 4 2 2 3 3 3 3 3
sleep 167
5 7 1 5 0 0 3 3 0 0
6 2 3 4 0 1 0 1 0
7 6 2 3 3 0 3 3 0 0 0 0
3 7 2 3 0 3 3 3 3
5 5 3 2 0 0 3 3 3
6 4 2 3 3 0 0 0 0
2 6 6 3 2 3 2 2 3 3 2
1 7 5 4 3 2 2 3 2 2 3
7 6 5 0 0 3 3 3 3 0 3 3
2 3 6 0 3 3 2 3 2 2 2
6 2 1 2 0 0 0 0 0
5 4 1 7 1 1 0 1 0 0 0
6 2 3 5 0 0 1 0 1 1
sleep 258
4 1 5 7 2 1 1 1 1 1 1
0 5 7 2 3 2 3 2 2 3 2 2 2 2
6 7 7 2 3 2 3 3 3 3
4 0 5 4 2 1 1 1 1
5 7 7 0 3 2 2 3 3 3 3 3 3
4 4 7 6 2 2 2 1 1
5 4 1 0 3 3 0 3 3 0 0 0
5 0 3 4 0 0 1 1 1 1
5 6 2 3 3 3 0 3 0 0
3 6 7 4 2 3 3 2 2 2
6 1 1 2 1 0 0 0 0 0
sleep 247
5 2 3 5 1 1 0 0 1
3 4 7 0 2 2 2 3 3 2 3 3
2 7 5 3 3 3 2 3 3 2 2
1 4 6 2 2 3 2 2 2 3 2
6 4 2 7 0 1 1 1 0 0 0
4 0 0 6 0 1 1 1 1 0 0 0 1 1
3 3 4 7 2 1 1 1 1
6 7 1 6 3 0 0 0 0 0
5 5 4 1 3 3 0 3 3
5 4 1 2 3 3 0 0 0 0
7 7 1 4 0 3 3 0 3 0 0 0 0
1 3 7 4 1 2 2 2 2 2 2
6 5 5 1 0 3 3 3 3
0 7 6 3 3 3 3 3 2 2 2 2 2 2
6 1 2 6 0 1 1 0 1 1 0 0 1
3 5 7 0 2 3 3 3 3 3 2 2 2
4 5 5 1 3 3 3 3 2
6 6 5 2 3 0 3 3 3
sleep 193
0 3 2 7 2 2 1 1 1 1
7 4 3 6 0 0 1 0 0 1
3 4 6 2 2 2 2 3 3
5 7 2 2 3 3 3 3 3 0 0 0
3 1 2 6 0 1 1 1 1 1
2 2 4 5 2 2 1 1 1
3 4 6 1 2 3 3 2 2 3
3 6 5 2 3 3 2 3 3 2
4 7 7 4 2 3 2 3 2 3
5 2 3 6 0 0 1 1 1 1
6 4 3 2 0 3 0 3 0
0 4 5 4 2 2 2 2 2
sleep 216
6 4 3 2 3 3 0 0 0
2 6 7 6 2 2 2 2 2
5 1 2 3 1 1 0 0 0
6 6 3 2 3 3 0 3 0 3 0
7 3 2 1 3 3 0 0 0 0 0
7 3 2 5 1 1 0 0 0 0 0
5 5 4 1 0 3 3 3 3
7 2 2 4 0 0 0 0 1 1 0
5 5 4 1 0 3 3 3 3
3 6 0 4 0 3 3 0 0
1 3 6 4 2 2 1 2 2 2
4 5 7 7 1 1 2 2 2
7 4 5 7 1 0 1 1 0
0 5 6 3 2 2 2 3 3 2 2 2
4 2 6 6 2 2 1 1 1 1
3 0 5 6 2 2 1 1 1 1 1 1
2 1 6 4 1 2 2 2 1 1 2
sleep 216
7 1 3 4 0 0 0 1 1 0 1
5 1 4 7 0 1 1 1 1 1 1
2 6 5 2 3 3 3 3 2 2 2
2 1 7 6 1 1 2 2 1 2 2 2 1 1
4 0 6 4 1 2 2 1 1 1
7 3 4 5 0 0 0 1 1
4 2 7 5 2 1 1 2 2 1
0 7 1 1 2 3 3 3 3 3 3
3 3 4 7 1 1 1 1 2
7 2 4 0 3 3 0 0 0
6 6 3 3 0 3 3 3 0 0
7 4 1 3 3 0 0 0 0 0 0
6 4 2 5 0 1 0 0 0
7 4 2 5 0 0 1 0 0 0
6 2 1 5 1 1 0 0 0 1 0 0
6 5 1 1 3 0 3 3 3 0 0 0 0
2 7 0 2 0 0 3 3 3 3 3
1 5 5 4 2 2 3 2 2
3 1 4 5 1 1 1 2 1
4 3 3 7 0 1 1 1 1
sleep 230
6 6 3 3 3 3 0 0 3 0
6 3 2 5 1 1 0 0 0 0
7 4 2 1 3 0 0 3 0 3 0 0
4 7 7 4 3 2 2 2 3 3
3 1 5 6 2 2 1 1 1 1 1
5 1 1 3 1 1 0 0 0 0
1 2 4 6 2 2 2 1 1 1 1
7 0 0 7 1 0 0 1 1 1 1 1 1 0 0 0 0 0
5 7 6 0 3 2 3 3 3 3 3 3
4 4 0 2 0 0 0 0 3 3
3 1 1 7 1 0 1 0 1 1 1 1
6 5 2 6 0 0 1 0 0
3 0 3 5 1 1 1 1 1
sleep 222
2 5 4 1 3 3 2 3 3 2
5 6 2 3 3 3 3 0 0 0
6 7 3 3 0 3 3 3 0 0 3
5 1 0 4 0 0 0 1 0 1 1 0
6 5 3 2 0 3 0 0 3 3
2 2 4 6 2 2 1 1 1 1
2 2 7 3 2 2 1 2 2 2
3 4 7 1 2 2 2 3 2 3 3
sleep 191
4 1 4 7 1 1 1 1 1 1
6 1 4 4 1 0 0 1 1
2 1 0 4 0 0 1 1 1
4 4 0 3 0 0 3 0 0
5 3 2 6 1 0 0 0 1 1
4 7 2 4 0 0 3 3 3
3 3 6 6 2 2 1 2 1 1
6 4 5 0 3 0 3 3 3
2 5 6 1 3 3 2 3 3 2 2 2
7 4 3 3 3 0 0 0 0
2 5 5 7 2 2 1 1 2
0 4 3 6 1 1 2 2 2
sleep 154
0 6 5 3 3 3 3 2 2 2 2 2
5 1 1 6 0 1 1 1 1 0 1 0 0
2 4 6 5 2 2 1 2 2
4 2 7 7 2 1 1 2 2 1 1 1
3 4 6 2 3 3 2 2 2
1 0 3 4 1 2 2 1 1 1
5 5 2 3 0 0 0 3 3
7 2 3 1 3 0 0 0 0
3 1 5 7 1 2 2 1 1 1 1 1
3 1 7 4 2 1 1 2 1 2 2
7 1 3 5 1 1 0 0 1 0 1 0
sleep 166
2 5 6 3 2 2 3 3 2 2
0 3 5 3 2 2 2 2 2
5 6 1 4 0 0 0 0 3 3
6 7 2 6 3 0 0 0 0
6 5 1 5 0 0 0 0 0
6 4 1 3 3 0 0 0 0 0
6 6 2 7 0 1 0 0 0
5 4 2 6 1 1 0 0 0
7 4 3 2 3 3 0 0 0 0
7 3 1 5 0 0 0 0 0 0 1 1
2 1 4 5 2 2 1 1 1 1
2 6 4 0 2 2 3 3 3 3 3 3
sleep 199
2 5 6 2 3 3 2 3 2 2 2
3 4 7 5 2 2 1 2 2
6 3 2 1 3 3 0 0 0 0
2 5 6 1 3 3 2 2 3 3 2 2
3 6 7 5 2 3 2 2 2
6 4 2 6 1 1 0 0 0 0
5 5 1 4 3 0 0 0 0
5 1 3 6 1 0 0 1 1 1 1
2 0 6 4 2 2 2 2 1 1 1 1
7 5 3 3 3 3 0 0 0 0
6 1 1 4 0 0 1 1 1 0 0 0
4 7 0 3 0 0 0 0 3 3 3 3
0 3 3 5 1 1 2 2 2
5 3 1 4 1 0 0 0 0
0 3 5 7 2 2 2 1 1 2 2 1 1
4 0 3 4 1 0 1 1 1
4 5 7 2 2 2 3 3 3 2
sleep 225
2 5 4 2 3 2 3 3 2
1 6 3 1 2 3 3 3 2 3 3
6 6 1 5 0 0 3 0 0 0
4 4 2 1 3 3 0 0 3
2 5 6 4 2 3 2 2 2
2 5 7 1 3 2 2 3 2 2 2 3 3
6 2 4 5 0 1 1 0 1
3 3 0 6 0 0 1 0 1 1
4 5 6 1 3 2 2 3 3 3
1 2 0 6 0 1 1 1 1
2 7 3 2 3 3 2 3 3 3
sleep 186
6 3 1 2 3 0 0 0 0 0
1 6 7 2 2 2 3 2 3 3 2 2 3 2
5 7 7 3 3 2 3 2 3 3
2 6 7 4 2 3 2 3 2 2 2
6 2 3 5 1 1 0 1 0 0
3 1 5 6 2 2 1 1 1 1 1
7 4 1 6 1 0 1 0 0 0 0 0
6 3 2 4 0 0 0 0 1
7 1 2 7 0 1 0 1 1 1 1 1 0 0 0
sleep 141
6 3 1 6 0 0 0 0 0 1 1 1
7 2 1 2 0 0 0 0 0 0
7 7 4 3 0 3 3 0 0 3 3
0 7 6 6 3 2 2 2 2 2 2
5 6 2 4 3 3 0 0 0
6 3 1 3 0 0 0 0 0
7 3 3 4 0 0 0 1 0
4 6 4 1 3 3 3 3 3
6 3 0 5 0 1 1 0 0 0 0 0
0 3 4 2 2 2 2 2 3
2 4 5 7 2 1 2 1 2 1
2 6 5 3 2 2 2 3 3 3
5 3 2 5 1 0 0 1 0
6 1 4 5 0 0 1 1 1 1
sleep 191
4 3 0 7 0 1 1 1 1 0 0 0
6 3 2 2 3 0 0 0 0
7 6 2 7 0 0 1 0 0 0
4 3 1 6 1 0 0 1 1 0
4 1 2 6 0 0 1 1 1 1 1
6 4 2 7 1 1 1 0 0 0 0
5 5 1 4 3 0 0 0 0
0 3 7 1 2 2 2 3 2 2 3 2 2
6 6 5 2 0 3 3 3 3
0 4 5 5 2 1 2 2 2 2
3 0 5 6 2 2 1 1 1 1 1 1
3 6 7 7 1 2 2 2 2
sleep 222
6 2 2 6 0 1 0 1 1 1 0 0
4 4 1 7 1 0 1 0 1 0
1 3 4 6 2 2 1 1 2 1
6 4 3 2 0 3 0 0 3
2 1 3 6 2 1 1 1 1 1
5 7 4 2 3 3 3 3 0 3
2 6 5 1 2 3 3 2 3 3 3 2
1 5 4 3 2 3 2 2 3
6 6 1 3 0 0 3 3 0 3 0 0
sleep 212
2 2 3 6 2 1 1 1 1
5 7 5 2 3 3 3 3 3
3 2 7 6 2 1 2 2 1 2 1 1
6 3 1 5 0 0 1 0 0 1 0
7 5 2 6 1 0 0 0 0 0
4 3 7 6 1 1 2 2 1 2
5 0 7 3 2 2 1 1 1
4 4 6 1 3 2 3 2 3
3 0 4 6 1 2 1 1 1 1 1
4 3 7 6 2 1 1 1 2 2
5 2 2 5 1 0 0 0 1 1
6 7 2 3 0 3 0 3 3 3 0 0
3 4 7 2 3 3 2 2 2 2
sleep 179
7 2 0 0 0 0 3 3 0 0 0 0 0
7 4 1 4 0 0 0 0 0 0
6 5 1 4 0 0 3 0 0 0
5 4 1 5 1 0 0 0 0
5 1 3 5 0 0 1 1 1 1
2 3 4 6 2 1 1 2 1
1 1 5 3 2 2 2 2 1 1
3 5 7 3 3 2 2 3 2 2
6 6 3 3 0 0 0 3 3 3
5 7 3 4 0 3 3 3 0
2 2 7 5 2 1 2 1 2 1 2 2
sleep 157
5 2 1 6 0 0 1 0 1 1 0 1
4 1 4 6 1 1 1 1 1
7 2 3 3 0 0 1 0 0
5 4 2 6 1 0 1 0 0
7 5 1 6 1 0 0 0 0 0 0
4 2 2 6 1 0 0 1 1 1
1 2 6 5 1 2 2 2 1 2 2 1
4 0 4 5 1 1 1 1 1
2 6 5 4 2 2 3 2 3
2 4 7 2 2 3 2 2 2 2 3
1 5 5 7 2 1 1 2 2 2
1 2 6 4 1 1 2 2 2 2 2
6 4 3 2 3 3 0 0 0
5 4 3 7 1 0 0 1 1
sleep 201
3 3 6 6 1 1 1 2 2 2
2 2 5 4 1 1 2 2 2
2 4 0 7 0 1 1 0 1
3 4 5 7 2 1 2 1 1
0 3 7 1 2 2 2 3 3 2 2 2 2
6 3 2 5 1 0 1 0 0 0
2 3 6 5 1 2 2 2 1 2
7 2 6 7 1 1 0 1 1 1
4 3 2 6 1 0 1 0 1
3 4 5 7 1 1 2 1 2
3 4 6 2 3 3 2 2 2
7 3 3 7 1 1 0 0 0 0 1 1
5 1 2 7 0 1 1 0 0 1 1 1 1
4 5 6 2 3 3 2 2 3
5 5 2 3 3 3 0 0 0
sleep 176
6 6 4 3 0 0 3 3 3
7 4 0 1 3 0 3 0 0 0 0 3 0 0
5 5 2 3 0 0 3 0 3
2 5 6 1 2 3 2 2 2 3 3 3
0 2 5 7 1 2 1 2 1 2 2 1 1 2
0 1 6 0 2 2 3 2 2 2 2
6 4 4 1 3 3 3 0 0
7 7 4 4 3 0 3 0 0 3
0 5 3 7 2 2 1 1 2
5 2 2 6 1 1 1 1 0 0 0
7 2 5 7 1 1 0 0 1 1 1
3 5 0 0 3 3 0 3 0 0 3 3
2 4 0 1 3 3 0 0 3
0 2 5 4 1 1 2 2 2 2 2
6 7 0 4 3 0 0 0 3 0 3 0 0
4 6 2 1 3 3 3 0 0 3 3
6 2 3 4 1 1 0 0 0
sleep 207
5 5 7 2 2 2 3 3 3
3 4 7 5 2 2 2 2 1
1 6 7 3 3 2 2 3 2 3 2 2 2
6 2 4 6 1 0 0 1 1 1
5 4 1 2 0 0 3 0 3 0
5 1 2 4 1 1 1 0 0 0
2 6 4 3 2 2 3 3 3
5 2 6 6 2 1 1 1 1
6 4 4 0 3 3 0 3 0 3
7 5 2 4 0 3 0 0 0 0
sleep 280
2 5 5 3 3 3 2 2 2
3 6 5 2 3 2 2 3 3 3
4 1 4 7 1 1 1 1 1 1
5 5 1 4 0 0 0 0 3
6 1 4 7 1 1 0 1 1 1 0 1
3 7 0 4 0 3 3 0 3 0
1 2 5 1 2 3 2 2 2
4 6 5 2 3 2 3 3 3
7 6 2 3 3 3 3 0 0 0 0 0
5 4 2 6 1 1 0 0 0
3 5 6 7 1 1 2 2 2
5 4 2 6 0 1 0 1 0
2 4 4 7 1 2 2 1 1
1 6 5 1 2 3 2 3 2 3 3 2 3
1 4 7 5 1 2 2 2 2 2 2
6 6 2 3 3 3 0 0 3 0 0
1 2 6 4 2 1 2 1 2 2 2
sleep 178
4 6 5 1 3 2 3 3 3 3
7 2 2 1 0 3 0 0 0 0
3 7 4 3 3 3 3 3 2
0 5 4 3 3 3 2 2 2 2
7 6 4 3 3 3 3 0 0 0
0 5 2 1 2 2 3 3 3 3
6 6 2 5 0 0 3 0 0
1 2 7 4 1 1 2 2 2 2 2 2
3 6 4 2 2 3 3 3 3
2 7 5 3 3 2 3 3 2 3 2
sleep 147
3 5 5 1 2 3 2 3 3 3
5 0 2 4 1 1 1 1 0 0 0
5 2 3 5 1 1 0 1 0
6 5 0 5 0 0 0 0 0 0
7 2 2 4 0 1 1 0 0 0 0
3 7 5 4 3 3 3 2 2
7 4 4 7 0 0 1 0 1 1
sleep 165
6 5 1 6 0 0 1 0 0 0
3 0 5 7 1 2 1 2 1 1 1 1 1
2 0 4 5 2 2 1 1 1 1 1
4 1 2 4 1 1 0 0 1
7 3 5 7 0 1 1 1 1 0
1 3 5 4 1 2 2 2 2
4 6 0 3 0 0 0 0 3 3 3
3 6 4 1 3 3 2 3 3 3
2 3 7 0 3 3 2 3 2 2 2 2
6 5 3 7 1 1 0 0 0
3 7 2 3 0 3 3 3 3
3 5 2 0 3 0 3 3 3 3
5 3 7 6 1 1 2 2 1
1 2 3 5 1 1 1 2 2
3 7 0 4 3 0 3 0 3 0
sleep 185
4 1 5 6 2 1 1 1 1 1
5 6 3 3 0 0 3 3 3
7 3 4 5 1 0 1 0 0
5 4 7 1 2 2 3 3 3
3 2 5 6 2 1 1 1 1 2
sleep 252
6 1 3 4 0 0 1 1 0 1
6 4 2 6 1 0 0 1 0 0
3 4 7 6 2 2 1 1 2 2
6 4 4 1 3 0 3 3 0
2 3 4 0 2 3 3 3 2
2 4 5 1 2 2 3 2 3 3
5 5 1 7 1 0 1 0 0 0
2 5 7 5 2 2 2 2 2
7 7 2 7 0 0 0 0 0
2 4 7 7 1 1 2 1 2 2 2 2
7 6 2 1 0 3 3 0 3 0 0 3 0 3
5 0 3 3 1 1 1 0 0
3 2 0 5 1 1 1 0 0 0
2 4 6 3 3 2 2 2 2
4 3 2 6 0 1 1 0 1
4 7 5 1 3 3 2 3 3 3 3
sleep 186
4 4 1 2 3 0 0 0 3
7 6 3 4 0 3 0 0 0 3
6 7 6 1 3 3 3 3 3 3
7 4 4 2 3 3 0 0 0
5 5 3 1 0 0 3 3 3 3
3 7 2 3 0 3 3 3 3
2 3 5 6 2 1 2 1 2 1
4 1 3 5 0 1 1 1 1
2 4 5 6 2 1 2 2 1
0 2 3 6 2 1 2 1 2 1 1
3 1 4 5 2 1 1 1 1
1 2 5 3 1 2 2 2 2
7 2 2 4 1 1 0 0 0 0 0
sleep 248
6 3 1 4 0 0 1 0 0 0
7 6 2 3 0 3 0 0 3 0 3 0
3 6 0 4 0 3 3 0 0
3 1 5 4 2 1 1 1 2
5 6 4 2 3 3 0 3 3
5 2 3 6 1 0 1 0 1 1
4 7 7 3 3 2 3 2 3 3 2
6 7 4 4 3 0 0 3 3
5 3 4 7 0 1 1 1 1
4 6 1 4 0 0 0 3 3
5 7 2 3 0 0 0 3 3 3 3
1 3 7 2 2 2 3 2 2 2 2
3 2 5 5 1 1 2 2 1
1 5 2 1 2 3 3 3 3
sleep 224
7 2 2 7 0 1 0 0 1 0 0 1 1 1
6 4 1 4 0 0 0 0 0
2 3 5 1 3 2 3 2 2
2 5 3 0 3 3 3 3 3 2
5 6 3 3 0 0 3 3 3
6 5 4 2 3 0 3 3 0
2 2 4 5 1 2 2 1 1
3 6 3 1 3 3 3 3 3
5 7 4 3 0 3 3 3 3
3 7 4 3 3 3 2 3 3
6 2 4 6 0 1 1 1 1 0
6 6 2 3 0 3 3 0 3 0 0
2 3 4 6 1 1 1 2 2
6 5 5 1 3 3 0 3 3
2 4 5 7 2 1 2 1 1 2
7 6 5 3 3 0 3 0 3
4 0 5 5 1 1 2 1 1 1
sleep 292
7 4 2 2 3 3 0 0 0 0 0
5 5 4 0 0 3 3 3 3 3
7 1 1 2 1 0 0 0 0 0 0
1 3 3 7 2 2 1 1 1 1
3 1 2 7 0 1 1 1 1 1 1
7 3 4 5 1 0 1 0 0
6 6 1 6 0 0 0 0 0
6 5 3 7 1 0 0 0 1
3 7 5 3 3 2 3 2 3 3
7 2 2 7 0 1 0 0 0 0 1 1 1 1
4 5 1 2 0 0 0 3 3 3
3 3 5 6 1 1 2 2 1
2 5 7 7 1 2 1 2 2 2 2
6 2 4 6 0 0 1 1 1 1
3 0 2 6 0 1 1 1 1 1 1
5 3 2 1 3 3 0 0 0
6 6 5 2 0 3 3 3 3
4 6 7 3 3 3 2 2 3 2
6 4 3 1 3 0 3 0 3 0
sleep 105
3 5 1 0 0 0 3 3 3 3 3
3 3 6 5 1 1 2 2 2
7 6 5 1 3 3 3 0 0 3 3
2 4 5 2 2 3 2 2 3
2 1 4 4 1 2 2 1 1
4 1 4 7 1 1 1 1 1 1
sleep 217
5 6 3 3 0 0 3 3 3
6 6 2 3 0 3 0 3 3 0 0
6 3 0 5 0 0 0 0 1 0 1 0
5 7 5 0 3 3 3 3 3 3 3
6 2 1 5 1 1 0 0 0 1 0 0
5 4 0 4 0 0 0 0 0
1 0 3 3 2 2 1 1 1
1 7 5 3 2 3 2 3 3 3 2 2
7 0 3 6 0 0 1 0 0 1 1 1 1 1
5 6 0 2 3 0 0 0 3 0 3 3 0
5 7 0 7 0 0 0 0 0
0 2 5 3 2 2 2 1 2 2
3 6 7 4 3 2 3 2 2 2
3 4 7 7 1 1 1 2 2 2 2
7 4 2 4 0 0 0 0 0
sleep 291
1 6 2 2 3 2 3 3 3
1 6 5 5 2 3 2 2 2
4 3 0 1 0 0 0 0 3 3
4 2 4 7 1 1 1 1 1
2 6 7 5 2 2 2 2 2 3
1 4 6 4 2 2 2 2 2
2 4 3 0 3 2 3 3 3
3 5 6 3 2 3 3 2 2
5 2 2 4 0 0 1 1 0
4 6 4 1 3 3 3 3 3
sleep 185
6 3 4 6 1 0 0 1 1
4 6 3 0 3 3 0 3 3 3 3
2 3 7 4 2 1 2 2 2 2
2 5 7 3 3 2 3 2 2 2 2
3 2 5 5 1 1 2 1 2
4 4 7 2 3 3 2 2 2
2 1 6 5 2 2 2 1 1 2 1 1
sleep 158
6 2 4 5 1 1 1 0 0
6 3 4 7 0 1 1 1 0 1
2 1 5 3 1 2 1 2 2
6 5 0 2 3 0 3 0 3 0 0 0 0
1 5 6 4 3 2 2 2 2 2
2 1 7 3 1 2 2 2 2 1 2
5 7 4 3 0 3 3 3 3
4 1 0 4 1 1 0 1 0 0 0
5 3 4 7 1 1 1 0 1
7 1 2 6 0 1 1 0 1 1 1 0 0 0
3 2 7 4 1 1 2 2 2 2
7 1 5 5 0 0 1 1 1 1
sleep 230
0 1 4 7 1 2 2 2 1 2 1 1 1 1
6 1 7 5 2 1 1 1 1
6 3 2 5 0 1 1 0 0 0
2 6 4 3 2 3 2 3 3
2 5 7 3 3 2 2 3 2 2 2
4 7 6 1 3 2 2 3 3 3 3 3
6 5 1 4 0 3 0 0 0 0
4 6 4 1 3 3 3 3 3
7 6 3 7 0 1 0 0 0
sleep 205
5 1 3 6 1 1 0 1 0 1 1
4 2 6 5 1 1 2 1 2
0 2 6 3 2 1 2 2 2 2 2
4 7 3 2 0 3 3 3 3 3
6 3 4 6 0 1 1 1 0
5 5 2 3 0 0 0 3 3
5 4 0 7 0 1 0 1 1 0 0 0
7 4 3 3 3 0 0 0 0
sleep 264
6 4 3 7 1 0 0 1 1 0
5 1 3 7 0 0 1 1 1 1 1 1
7 2 1 1 3 0 0 0 0 0 0
7 5 1 5 0 0 0 0 0 0
0 4 5 6 1 1 2 2 2 2 2
2 7 6 6 3 2 2 2 2
0 6 5 5 3 2 2 2 2 2
5 3 1 4 1 0 0 0 0
3 6 7 7 1 2 2 2 2
2 7 6 4 3 2 3 2 2 2 3
3 2 1 5 0 0 1 1 1
4 5 3 1 0 3 3 3 3
3 5 6 3 2 2 2 3 3
3 2 5 6 2 1 1 2 1 1
3 3 5 6 2 2 1 1 1
4 7 7 2 3 3 2 2 2 3 3 3
sleep 196
1 2 3 5 2 2 1 1 1
5 7 3 3 0 3 0 3 3 3
6 5 3 7 1 0 1 0 0
0 2 2 5 1 2 1 2 1
4 7 4 0 3 3 3 3 3 3 3
6 7 1 3 3 3 0 0 0 0 0 3 3
3 2 5 5 2 1 2 1 1
0 3 2 7 2 2 1 1 1 1
4 6 6 3 3 2 3 3 2
7 5 3 2 3 3 3 0 0 0 0
sleep 212
2 3 1 7 1 0 1 1 1
5 7 3 3 0 3 0 3 3 3
6 3 2 7 1 1 0 1 1 0 0 0
2 4 5 6 2 2 2 1 1
4 4 1 6 1 0 1 0 0
7 3 2 3 0 0 0 0 0
6 6 1 0 3 3 3 0 3 3 3 0 0 0 0
3 7 6 1 2 3 3 2 3 3 2 3 3
5 2 1 1 0 3 0 0 0
0 4 6 5 1 2 2 2 2 2 2
7 3 3 5 1 1 0 0 0 0
2 4 5 2 3 3 2 2 2
6 5 4 1 3 3 3 3 0 0
3 1 2 5 0 1 1 1 1
2 7 6 3 2 2 2 2 3 3 3 3
7 2 2 2 0 0 0 0 0
5 4 2 2 3 3 0 0 0
sleep 210
4 6 0 5 0 3 0 0 0
3 4 6 2 3 2 3 2 2
4 3 2 7 0 0 1 1 1 1
6 2 2 4 1 0 1 0 0 0
2 5 5 2 2 3 3 3 2 2
2 2 4 6 2 2 1 1 1 1
2 6 4 2 3 2 3 2 3 3
3 3 5 6 1 1 1 2 2
0 3 5 7 2 2 1 2 2 1 1 2 1
sleep 151
4 7 7 4 2 3 3 3 2 2
1 1 5 4 2 2 2 2 1 1 1
4 7 4 2 3 3 3 3 3
4 6 4 1 3 3 3 3 3
5 5 1 0 3 0 0 0 0 3 3 3 3
6 3 3 5 1 1 0 0 0
0 7 5 1 2 2 2 2 3 3 2 3 3 3 3
5 4 2 6 1 1 0 0 0
6 7 4 3 3 3 3 3 0 0
5 7 2 4 3 0 0 0 3 3
1 2 4 4 2 2 1 1 2
1 2 2 6 1 1 1 1 2
7 2 4 4 1 0 0 1 0
4 2 2 5 1 1 0 0 1
0 4 6 4 2 2 2 2 2 2
5 0 3 3 1 1 1 0 0
6 3 3 5 1 0 1 0 0
sleep 235
3 2 7 5 1 2 2 2 1 2 1
6 7 2 4 0 0 0 3 3 0 3
7 6 3 7 1 0 0 0 0
1 4 4 1 3 2 3 2 3 2
7 2 3 4 1 1 0 0 0 0
2 4 6 5 1 2 2 2 2
4 3 1 5 0 0 1 1 0
1 3 3 7 1 1 1 1 2 2
2 2 5 6 1 2 1 2 1 2 1
2 5 4 2 3 3 3 2 2
7 4 4 2 0 3 3 0 0
4 2 7 4 2 2 1 2 1
5 4 1 7 0 0 1 1 0 1 0
sleep 195
6 3 2 5 1 1 0 0 0 0
5 2 5 7 1 1 1 1 1
6 3 5 7 0 1 1 1 1
1 7 3 3 2 2 3 3 3 3
6 7 4 3 0 0 3 3 3 3
1 5 6 5 2 2 2 2 2
2 3 5 7 2 1 2 2 1 1 1
5 5 3 2 3 3 0 0 3
3 1 5 6 1 1 1 1 1 2 2
3 3 7 6 2 2 2 2 1 1 1
4 5 1 3 3 3 0 0 0
5 1 2 4 0 0 0 1 1 1
1 3 3 6 1 2 2 1 1
7 6 3 2 3 0 0 3 3 0 3 0
sleep 234
2 4 6 1 3 3 2 3 2 2 2
2 6 7 6 2 2 2 2 2
0 4 4 1 3 3 3 2 2 2 2
6 2 3 5 0 0 1 1 0 1
1 5 7 6 1 2 2 2 2 2 2
1 4 5 2 2 2 3 2 3 2
2 1 7 4 1 1 1 2 2 2 2 2
1 1 6 3 1 1 2 2 2 2 2
6 3 3 1 0 0 0 3 3
3 4 6 6 2 1 2 2 1
4 4 1 2 3 3 0 0 0
3 6 2 2 3 0 3 3 3
sleep 181
5 1 2 3 1 0 1 0 0
3 1 6 5 1 1 2 2 1 1 2
7 2 4 6 0 0 1 0 1 1 1
6 7 4 4 3 3 3 0 0
7 4 2 0 3 3 0 0 3 0 0 0 3
3 5 4 1 2 3 3 3 3
0 7 6 3 3 2 3 3 2 3 2 2 2 2
1 3 6 2 3 2 2 2 2 2
6 6 2 0 3 3 0 0 3 3 0 3 3 0
6 0 0 3 0 1 0 1 1 0 0 0 0
6 3 2 5 0 0 1 1 0 0
5 1 2 3 1 1 0 0 0
7 3 4 5 1 0 0 1 0
7 2 6 6 1 0 1 1 1
5 2 3 5 1 0 0 1 1
0 1 5 4 2 2 2 2 1 1 2 1
0 5 6 3 3 2 2 2 2 3 2 2
3 2 4 7 2 1 1 1 1 1
sleep 241
2 5 7 5 2 2 2 2 2
7 5 3 4 3 0 0 0 0
5 3 2 5 1 0 0 0 1
7 6 4 3 3 0 3 0 3 0
7 2 4 5 1 1 1 0 0 0
4 2 5 6 2 1 1 1 1
3 7 1 3 3 3 0 3 0 3
1 2 3 5 1 1 1 2 2
4 4 7 2 2 3 2 2 3
3 0 6 4 1 1 1 1 2 2 2
3 7 5 4 3 2 2 3 3
3 1 7 3 2 1 1 2 2 2
5 3 6 7 2 1 1 1 1
3 6 6 1 3 2 2 2 3 3 3 3
2 2 3 7 1 2 1 1 1 1
2 6 5 4 3 2 3 2 2
6 5 4 2 0 0 3 3 3
3 2 1 6 1 0 1 1 0 1
5 3 1 5 1 0 1 0 0 0
4 6 2 2 3 0 3 3 3 0
sleep 173
5 2 1 5 1 0 1 1 0 0 0
2 2 5 5 2 1 1 2 2 1
0 6 5 5 2 2 3 2 2 2
4 1 3 5 0 1 1 1 1
6 6 2 4 0 0 3 0 3 0
2 0 4 3 2 2 1 1 1
3 5 1 2 3 3 0 3 0
5 7 2 3 0 3 0 3 3 0 3
1 4 5 1 3 2 3 2 3 2 2
2 1 7 5 1 2 1 1 2 2 2 2 1
1 4 4 7 2 1 2 1 1 2
6 5 0 5 0 0 0 0 0 0
0 0 4 5 2 2 2 1 2 1 1 1 1
3 3 7 5 1 2 1 2 2 2
5 0 3 3 0 0 1 1 1
6 3 3 1 0 3 3 0 0
3 2 6 7 2 1 2 2 1 1 1 1
1 1 3 7 1 1 2 2 1 1 1 1
sleep 285
3 7 2 3 0 3 3 3 3
6 3 4 6 1 1 1 0 0
1 0 4 3 1 1 2 2 1 2
1 3 5 2 2 3 2 2 2
7 1 7 7 1 1 1 1 1 1
6 5 3 2 3 0 3 0 3 0
6 3 1 2 3 0 0 0 0 0
6 2 3 5 1 0 0 0 1 1
3 2 4 6 1 2 1 1 1
6 1 0 6 0 1 0 0 1 1 1 0 0 0 1
sleep 179
7 3 5 6 1 1 1 0 0
3 1 6 6 1 2 2 1 2 1 1 1
6 0 4 3 0 0 1 1 1
2 2 6 4 2 2 2 1 2 1
4 5 0 0 0 3 0 0 0 3 3 3 3
6 5 0 5 0 0 0 0 0 0
2 6 3 1 2 3 3 3 3 3
2 2 6 1 2 3 2 2 2
6 5 2 3 0 0 0 0 3 3
7 6 1 5 0 0 0 3 0 0 0
5 6 4 2 0 3 3 3 3
sleep 270
5 1 3 4 1 0 1 1 0
4 4 7 6 2 2 1 1 2
5 2 1 4 0 1 0 1 0 0
6 5 0 3 0 3 0 0 0 0 3 0
7 7 2 4 3 3 0 0 3 0 0 0
6 0 2 3 1 1 0 0 0 0 1
2 2 6 1 2 2 2 3 2
6 3 3 6 1 0 1 0 0 1
3 7 5 2 3 2 3 2 3 3 3
5 7 2 3 0 0 3 0 3 3 3
6 3 1 1 0 0 3 3 0 0 0
2 3 7 4 2 1 2 2 2 2
sleep 208
1 3 5 7 1 2 2 1 2 2 1 1
2 4 6 6 1 1 2 2 2 2
2 6 3 1 2 3 3 3 3 3
3 3 2 7 0 1 1 1 1
5 3 3 6 0 1 0 1 1
7 2 4 6 0 1 0 1 1 1 0
2 2 4 7 1 2 2 1 1 1 1
6 2 4 5 1 0 0 1 1
2 5 3 0 2 3 3 3 3 3
1 5 4 3 2 3 2 2 3
5 7 1 5 0 3 3 0 0 0
6 3 3 6 0 1 1 0 0 1
6 3 3 1 0 3 3 0 0
0 5 6 2 2 2 3 2 3 2 2 2 3
sleep 182
2 5 6 4 2 3 2 2 2
5 5 2 3 0 0 3 3 0
4 2 1 7 1 0 1 1 1 1 0 0
2 4 5 2 2 2 3 3 2
7 4 2 2 3 3 0 0 0 0 0
6 4 3 2 0 0 3 0 3
4 7 2 2 3 0 3 3 0 3 3
4 0 4 7 1 1 1 1 1 1 1
5 0 4 5 1 1 0 1 1 1
7 1 4 5 1 0 0 0 1 1 1
3 4 2 0 3 3 3 3 0
4 7 6 4 3 2 2 3 3
3 3 2 7 0 1 1 1 1
sleep 214
3 3 6 0 2 2 2 3 3 3
3 5 7 2 3 3 2 2 2 3 2
6 7 4 2 0 3 0 3 3 3 3
6 4 2 5 1 0 0 0 0
0 3 6 4 1 2 2 2 2 2 2
6 2 1 7 1 1 0 0 1 1 1 0 0 0
1 5 5 3 2 3 2 2 2 3
0 2 4 0 3 3 2 2 2 2
3 5 6 3 2 3 3 2 2
4 6 5 2 3 2 3 3 3
sleep 215
4 3 1 1 0 3 0 3 0
5 3 0 7 1 1 0 1 1 0 0 0 0
6 0 6 5 1 1 1 1 1
5 4 1 7 0 1 0 1 1 0 0
0 2 3 5 1 2 1 1 2 2
4 2 7 4 2 1 2 1 2
6 5 3 1 0 0 3 3 0 3 3
4 3 3 7 0 1 1 1 1
3 2 6 5 2 1 1 1 2 2
4 1 3 5 0 1 1 1 1
4 1 6 6 1 1 1 2 1 1 2
sleep 275
4 2 5 7 1 1 2 1 1 1
3 1 2 6 0 1 1 1 1 1
6 7 3 3 0 0 0 3 3 3 3
5 1 3 7 0 1 1 0 1 1 1 1
3 6 7 7 1 2 2 2 2
3 5 6 3 2 2 2 3 3
0 4 3 1 3 2 2 3 2 3
1 5 4 7 2 2 1 2 1
3 7 4 2 2 3 3 3 3 3
6 6 7 0 3 2 3 3 3 3 3
4 2 6 6 2 2 1 1 1 1
0 3 4 4 1 2 2 2 2
1 4 5 6 1 2 2 1 2 2
2 5 6 4 3 2 2 2 2
6 3 4 7 1 0 1 0 1 1
sleep 178
3 7 2 1 0 3 3 3 3 3 3
5 5 2 3 3 3 0 0 0
6 2 4 5 1 0 0 1 1
3 3 6 5 1 2 1 2 2
4 5 6 2 3 3 3 2 2
5 1 3 4 0 0 1 1 1
sleep 165
5 2 1 4 0 0 1 0 0 1
1 5 5 4 2 3 2 2 2
5 5 1 4 3 0 0 0 0
4 6 7 1 2 3 3 2 2 3 3 3
4 1 7 6 2 1 1 2 2 1 1 1
4 1 4 6 1 1 1 1 1
6 1 2 3 0 0 0 0 1 1
4 2 6 7 1 1 2 2 1 1 1
2 7 5 4 3 2 2 3 3 2
2 2 7 3 1 2 2 2 2 2
2 4 6 2 2 2 3 3 2 2
7 3 2 1 0 3 0 0 0 3 0
7 5 3 4 3 0 0 0 0
2 3 6 6 1 1 1 2 2 2 2
1 6 7 3 3 2 3 2 2 3 2 2 2
sleep 196
7 1 1 5 1 0 0 0 1 0 1 0 0 1
6 4 2 1 0 3 3 3 0 0 0
0 4 5 5 1 2 2 2 2 2
5 2 4 7 0 1 1 1 1 1
4 3 7 1 3 2 3 2 2
3 1 6 5 2 1 1 2 2 1 1
6 4 2 5 0 1 0 0 0
4 7 4 1 3 3 3 3 3 3
4 0 2 4 0 1 0 1 1 1
7 7 2 6 3 0 0 0 0 0
5 5 5 0 3 3 3 3 3
3 0 6 5 2 2 1 1 1 2 1 1
1 3 6 2 2 3 2 2 2 2
sleep 150
5 1 4 6 0 1 1 1 1 1
5 6 7 3 2 2 3 3 3
4 6 5 1 3 3 3 2 3 3
3 5 7 3 2 2 2 2 3 3
1 4 5 7 1 2 2 2 2 1 1
2 4 6 7 2 1 2 1 2 2 1
5 0 2 6 0 1 0 0 1 1 1 1 1
3 0 3 7 1 1 1 1 1 1 1
2 1 7 5 1 1 2 1 1 2 2 2 2
7 3 4 5 0 1 1 0 0
5 6 0 2 0 3 3 0 0 3 3 0 0
7 6 6 2 0 3 3 3 3
4 2 7 4 1 2 2 2 1
3 2 5 7 1 1 2 2 1 1 1
4 6 0 4 3 0 0 0 3 0
7 4 1 5 0 0 0 0 1 0 0
7 7 3 4 3 0 3 0 3 0 0
sleep 273
5 1 3 6 1 0 0 1 1 1 1
1 2 6 5 1 2 2 2 1 2 2 1
3 7 2 0 0 3 3 3 3 3 3 3
3 7 3 0 3 3 3 3 3 3 3
5 2 3 6 0 0 1 1 1 1
7 1 4 4 0 1 0 0 1 1
6 7 2 3 0 3 0 3 0 0 3 3
4 7 2 3 3 0 3 0 3 3
2 3 0 0 0 0 3 3 3
5 2 5 7 1 1 1 1 1
5 7 7 3 3 3 3 3 2 2
6 6 4 3 3 0 0 3 3
2 6 6 3 3 2 2 2 3 2 3
4 3 0 4 1 0 0 0 0
6 3 1 6 0 0 1 1 0 0 0 1
sleep 174
3 1 2 6 1 0 1 1 1 1
4 1 2 5 0 0 1 1 1 1
5 3 2 1 0 0 0 3 3
3 6 4 2 3 3 2 3 3
5 6 3 1 0 0 3 3 3 3 3
1 4 5 2 2 3 3 2 2 2
7 5 1 2 3 0 0 0 3 0 0 0 3
4 3 6 6 1 2 2 1 1
4 0 6 5 1 2 1 1 2 1 1
5 6 1 3 3 0 0 0 0 3 3
3 2 6 4 2 1 2 2 1
5 1 3 6 1 0 1 1 0 1 1
sleep 188
6 7 2 4 0 3 3 3 0 0 0
7 4 5 7 1 0 1 1 0
2 2 7 2 2 2 2 2 2
7 3 3 1 3 0 0 3 0 0
3 4 6 2 2 3 2 2 3
3 4 6 6 2 2 2 1 1
5 2 6 6 1 1 2 1 1
6 5 5 1 0 3 3 3 3
5 2 2 0 3 0 0 0 3
3 2 5 7 1 2 2 1 1 1 1
5 6 1 0 0 0 3 0 3 3 0 3 3 3
4 2 7 4 1 1 2 2 2
3 1 6 4 1 2 2 1 2 1
1 4 3 1 3 3 3 2 2
sleep 243
6 4 1 7 0 1 0 0 1 1 0 0
7 5 3 6 1 0 0 0 0
2 3 7 4 2 1 2 2 2 2
5 7 3 4 0 0 3 3 3
7 4 3 2 0 0 0 0 3 3
1 4 6 5 2 2 2 1 2 2
5 7 3 2 3 0 3 0 3 3 3
4 5 1 7 1 1 0 0 0
4 4 1 6 1 0 1 0 0
4 6 7 3 3 2 3 3 2 2
3 6 7 4 3 2 2 3 2 2
7 5 2 5 0 0 0 0 0
sleep 156
4 6 5 1 2 3 3 3 3 3
7 2 3 5 1 1 0 1 0 0 0
5 1 3 4 1 0 0 1 1
6 4 1 4 0 0 0 0 0
2 0 5 6 2 1 1 2 2 1 1 1 1
5 4 1 5 1 0 0 0 0
7 2 4 0 0 3 0 0 3
6 1 3 5 1 1 0 1 0 1 0
0 3 4 2 3 2 2 2 2
sleep 154
5 3 3 0 3 3 0 3 0
4 5 1 3 3 0 0 0 3
7 5 1 4 0 3 0 0 0 0 0
1 4 6 4 2 2 2 2 2
3 3 6 6 2 2 1 1 2 1
7 3 0 5 0 0 1 0 1 0 0 0 0
5 3 6 7 1 1 1 2 1
3 1 1 4 0 0 1 1 1
0 6 2 2 2 3 2 3 3 3
2 7 3 2 2 3 3 3 3 3
6 1 4 6 1 1 1 1 0 0 1
sleep 239
3 7 5 1 3 3 3 3 3 3 2 2
3 6 3 1 3 3 3 3 3
4 7 2 3 0 0 3 3 3 3
2 7 5 5 2 3 3 2 2
3 4 5 7 2 1 1 1 2
0 5 4 0 2 2 3 2 3 3 2 3 3
3 4 7 5 1 2 2 2 2
1 3 7 4 1 2 2 2 2 2 2
4 2 0 5 1 1 1 0 0 0 0
sleep 221
2 3 6 5 2 1 2 1 2 2
4 5 5 1 3 2 3 3 3
2 7 3 1 2 3 3 3 3 3 3
6 4 1 4 0 0 0 0 0
1 3 6 3 2 2 2 2 2
5 5 2 7 1 0 0 0 1
7 6 1 3 3 3 3 0 0 0 0 0 0
5 4 0 2 0 0 0 0 3 0 3
7 6 4 1 0 0 0 3 3 3 3 3
2 5 6 3 3 3 2 2 2 2
1 7 6 6 3 2 2 2 2 2
sleep 197
2 2 6 5 1 1 2 2 2 1 2
3 2 6 6 2 1 1 1 1 2 2
2 3 7 1 3 3 2 2 2 2 2
0 3 4 5 1 2 1 2 2 2
7 3 3 6 0 1 1 0 0 0 1
6 4 0 3 3 0 0 0 0 0 0
6 5 2 3 0 3 0 3 0 0
2 7 0 2 0 0 3 3 3 3 3
6 4 0 6 0 1 1 0 0 0 0 0
5 6 4 1 0 3 3 3 3 3
5 5 1 1 0 0 0 3 0 3 3 3
6 5 1 5 0 0 0 0 0
5 1 0 3 1 0 1 0 0 0 0
5 7 3 0 0 3 3 3 3 0 3 3 3
1 2 4 5 1 2 1 1 2 2
2 6 0 3 3 3 0 0 3
2 2 6 5 2 2 2 1 2 1 1
2 3 6 5 1 2 2 1 2 2
4 2 7 6 2 2 2 1 1 1 1
6 5 3 2 0 0 0 3 3 3
sleep 190
2 6 4 2 3 3 2 3 3 2
2 3 5 5 2 2 1 2 1
6 5 3 2 0 0 0 3 3 3
2 3 4 7 1 1 1 2 1 2
7 0 2 6 1 1 1 1 0 1 1 0 0 0 0
7 2 4 4 0 0 1 1 0
1 3 7 6 2 1 1 1 2 2 2 2 2
2 4 7 2 3 2 3 2 2 2 2
4 4 6 1 3 3 2 2 3
4 0 2 5 0 1 1 0 1 1 1
2 3 7 4 2 1 2 2 2 2
5 3 1 4 0 0 1 0 0
7 1 5 4 0 1 0 1 1
sleep 290
1 3 7 5 1 2 2 1 2 2 2 2
7 6 3 1 3 0 0 0 0 3 3 3 3
4 4 6 7 1 1 2 2 1
4 0 4 5 1 1 1 1 1
4 2 2 7 0 1 0 1 1 1 1
2 6 5 2 3 2 2 3 3 2 3
4 5 2 2 3 3 3 0 0
3 0 3 5 1 1 1 1 1
2 7 4 1 2 2 3 3 3 3 3 3
2 2 7 0 3 2 3 2 2 2 2
7 4 0 3 3 0 0 0 0 0 0 0
3 2 6 5 2 2 1 2 1 1
2 4 5 6 1 1 2 2 2
5 6 0 5 0 3 0 0 0 0
4 7 2 1 3 3 3 0 3 3 3 0
4 3 5 7 1 2 1 1 1
7 4 3 3 3 0 0 0 0
sleep 234
6 4 2 3 0 0 0 3 0
2 4 7 6 2 2 1 2 1 2 2
7 7 3 3 3 0 3 0 0 0 3 3
4 6 2 1 0 0 3 3 3 3 3
0 3 3 7 2 1 1 2 1 2 1
1 4 4 2 2 3 3 2 2
6 6 3 3 0 3 0 0 3 3
1 3 5 5 2 1 2 1 2 2
2 7 5 3 2 3 2 3 2 3 3
5 5 7 2 3 2 3 2 3
0 2 4 4 2 2 1 1 2 2
5 6 4 2 0 3 3 3 3
2 3 6 7 2 1 2 1 2 1 2 1
sleep 187
1 4 5 3 2 3 2 2 2
5 6 3 2 0 0 3 3 3 3
4 7 2 3 3 3 3 0 3 0
5 2 2 5 0 0 1 1 0 1
4 1 5 5 2 1 1 1 1
4 0 2 4 1 1 1 0 0 1
3 7 4 1 2 3 3 3 3 3 3
2 0 2 6 1 1 1 1 1 1
4 1 3 5 0 1 1 1 1
7 5 1 5 0 0 0 0 0 0
4 5 7 3 2 2 3 2 3
0 7 5 5 2 3 2 2 3 2 2
5 6 6 2 3 2 3 3 3
1 1 4 3 1 2 2 2 1
4 1 6 4 1 1 2 2 1
2 5 5 2 3 2 2 2 3 3
3 2 6 4 2 2 2 1 1
sleep 224
5 5 2 7 1 0 1 0 0
6 5 2 1 3 0 0 3 3 0 3 0
4 2 0 3 1 0 0 0 0
6 2 0 3 1 0 0 0 0 0 0
3 0 4 4 2 1 1 1 1
2 4 5 2 3 3 2 2 2
2 5 7 4 2 2 3 2 2 2
4 7 6 3 3 3 2 3 3 2
5 6 6 0 3 3 2 3 3 3 3
1 7 6 3 3 3 2 2 2 3 2 2 3
3 3 7 5 1 2 2 1 2 2
4 6 6 3 3 2 2 3 3
5 1 3 4 0 1 0 1 1
0 6 2 2 2 2 3 3 3 3
4 5 1 1 0 0 0 3 3 3 3
5 6 6 2 2 3 3 3 3
2 0 6 4 2 1 1 1 1 2 2 2
2 1 4 6 2 2 1 1 1 1 1
1 2 4 4 2 2 2 1 1
sleep 115
5 6 3 3 3 3 0 0 3
4 1 3 5 0 1 1 1 1
2 4 0 7 1 1 1 0 0
4 5 7 7 1 2 2 2 1
7 1 3 7 0 0 0 0 1 1 1 1 1 1
1 4 6 2 2 3 3 2 2 2 2
6 1 2 2 1 0 0 0 0
6 7 4 4 3 0 3 3 0
6 4 3 2 3 3 0 0 0
sleep 129
3 4 7 7 1 1 1 2 2 2 2
6 5 2 7 0 0 1 1 0 0
2 2 6 4 1 2 1 2 2 2
5 1 1 6 1 1 0 1 0 1 0 1 0
6 4 1 5 1 0 0 0 0 0
5 6 4 2 0 3 3 3 3
7 5 2 4 3 0 0 0 0 0
7 3 1 2 0 0 3 0 0 0 0
3 3 7 5 2 2 1 2 1 2
7 5 3 3 3 3 0 0 0 0
2 6 5 4 3 3 2 2 2
6 7 3 1 3 3 0 0 3 0 3 3 3
6 7 2 5 3 0 3 0 0 0
5 5 1 2 3 3 3 0 0 0 0
sleep 217
4 4 3 0 0 3 3 3 3
6 0 2 2 0 1 1 0 0 0
5 4 3 1 3 0 3 0 3
6 4 0 5 1 0 0 0 0 0 0
2 1 5 5 2 2 2 1 1 1 1
4 3 1 1 0 3 0 0 3
7 1 3 3 0 0 1 1 0 0
5 6 3 1 0 3 3 3 3 3 0
5 4 1 3 0 3 0 0 0
4 1 3 5 0 1 1 1 1
6 4 2 2 3 3 0 0 0 0
4 1 5 6 1 1 2 1 1 1
6 0 5 6 0 1 1 1 1 1 1
2 6 6 2 3 2 3 3 3 2 2 2
1 1 7 3 2 2 2 1 1 2 2 2
6 4 2 3 0 0 0 0 3
sleep 218
6 5 2 6 1 0 0 0 0
5 4 2 2 0 0 3 0 3
6 7 4 2 3 3 0 0 3 3 3
5 3 1 1 3 0 0 0 3 0
5 4 0 5 1 0 0 0 0 0
3 4 0 2 3 0 0 3 0
6 7 3 5 3 0 0 0 3
1 2 3 7 2 1 1 1 1 2 1
6 6 2 0 0 3 3 0 3 3 0 0 3 3
4 2 2 7 0 0 1 1 1 1 1
3 7 6 5 2 2 2 3 3
7 2 4 5 0 0 0 1 1 1
sleep 227
3 7 5 0 2 2 3 3 3 3 3 3 3
1 4 5 5 2 2 2 2 1
5 4 1 3 0 3 0 0 0
5 6 2 3 0 3 3 0 0 3
7 2 3 6 1 0 1 1 0 0 1 0
6 7 3 3 3 0 0 0 3 3 3
1 6 3 2 3 2 2 3 3 3
2 4 6 1 3 2 2 2 2 3 3
5 5 4 0 3 3 3 0 3 3
4 0 4 5 1 1 1 1 1
1 1 2 5 2 1 1 1 1
2 1 5 7 2 2 1 1 2 1 1 1 1
6 0 5 5 1 1 0 1 1 1
3 3 5 7 1 2 2 1 1 1
6 6 4 2 3 0 0 3 3 3
5 7 4 3 3 0 3 3 3
4 5 7 7 1 1 2 2 2
2 2 6 1 2 3 2 2 2
2 5 5 3 3 3 2 2 2
sleep 138
6 5 3 1 3 3 3 3 0 0 0
5 7 3 4 0 3 0 3 3
3 3 6 5 1 2 2 2 1
7 3 1 6 0 1 0 0 0 1 1 0 0
3 5 7 3 2 2 3 3 2 2
2 2 2 7 1 1 1 1 1
sleep 218
7 6 4 3 0 0 0 3 3 3
5 2 3 7 1 0 1 1 1 1 0
6 3 3 7 0 0 1 1 0 1 1
5 4 2 2 3 3 0 0 0
2 6 4 3 2 2 3 3 3
0 6 5 2 2 2 2 2 3 2 3 3 3
4 5 6 2 3 3 2 3 2
4 1 3 6 1 0 1 1 1 1
2 0 7 2 2 2 1 1 2 2 2
3 3 7 0 3 2 3 2 2 2 3
6 2 2 3 0 1 0 0 0
6 5 4 2 0 3 3 0 3
4 0 0 3 1 0 0 0 1 1 0
7 6 3 4 0 3 3 0 0 0
6 4 3 1 0 3 0 3 0 3
1 3 5 1 2 2 3 2 3 2
sleep 240
2 3 7 3 2 2 2 2 2
0 2 4 3 1 2 2 2 2
5 2 1 3 0 1 0 0 0
5 1 7 4 2 1 1 1 2
6 1 2 3 1 0 0 1 0 0
3 6 6 0 3 2 3 3 2 3 3 2 3
1 4 4 2 2 2 2 3 3
7 0 1 5 1 0 1 1 0 0 1 1 0 0 0
2 1 6 5 2 1 1 2 1 1 2 2
6 4 1 5 0 1 0 0 0 0
4 6 5 2 3 3 3 3 2
7 5 0 3 0 0 3 0 0 0 0 0 3
1 2 3 5 2 1 2 1 1
sleep 166
6 6 3 2 3 3 0 3 3 0 0
3 6 6 2 2 3 2 2 3 3 3
5 7 3 3 3 3 0 3 0 3
4 1 1 6 0 0 1 0 1 1 1 1
6 1 1 6 1 0 0 0 0 0 1 1 1 1
5 2 4 7 0 1 1 1 1 1
5 4 2 6 1 0 1 0 0
0 5 6 3 2 2 3 2 2 2 2 3
6 1 3 6 1 1 0 0 1 0 1 1
7 2 5 5 1 1 0 0 1
5 3 2 7 0 1 1 1 0 0 1
3 1 7 3 1 1 2 2 2 2
4 6 5 0 3 2 3 3 3 3 3
4 4 0 3 3 0 0 0 0
2 4 6 6 2 2 2 1 2 1
7 5 5 0 0 0 3 3 3 3 3
sleep 199
1 6 6 0 2 3 3 2 3 3 3 3 2 2 2
4 5 5 0 3 3 2 3 3 3
6 3 3 6 1 1 1 0 0 0
6 6 3 4 3 0 0 3 0
6 4 3 7 0 1 1 1 0 0
6 5 2 2 3 3 0 0 0 3 0
3 4 2 0 0 3 3 3 3
0 3 3 5 2 2 2 1 1
3 5 6 3 2 3 3 2 2
4 5 6 2 3 3 3 2 2
sleep 182
1 5 5 2 3 3 3 2 2 2 2
3 3 1 0 0 3 3 3 0
3 2 1 5 0 0 1 1 1
1 4 6 0 3 3 2 3 3 2 2 2 2
6 3 4 7 1 1 1 1 0 0
4 4 3 0 3 0 3 3 3
2 5 5 2 3 2 2 2 3 3
4 4 2 7 1 1 1 0 0
0 1 1 6 1 2 1 1 1 1
4 5 6 2 2 3 3 2 3
1 3 3 6 2 2 1 1 1
3 7 2 3 3 3 3 3 0
2 3 6 4 1 2 2 2 2
2 5 6 2 2 2 2 2 3 3 3
7 4 1 4 0 0 0 0 0 0
7 4 4 1 0 3 3 0 3 0
1 6 4 4 3 3 2 2 2
sleep 258
4 2 4 7 1 1 1 1 1
2 3 7 4 2 1 2 2 2 2
0 5 3 0 2 3 2 2 3 3 3 3
7 4 1 4 0 0 0 0 0 0
1 7 3 4 2 2 3 3 3
5 7 6 1 3 3 2 3 3 3 3
0 3 6 3 2 2 2 2 2 2
5 0 5 5 1 1 1 1 1
7 3 2 5 1 1 0 0 0 0 0
sleep 175
4 6 3 2 0 3 3 3 3
3 6 4 2 3 3 2 3 3
5 7 2 5 0 3 0 3 0
5 1 3 7 0 0 1 1 1 1 1 1
6 0 2 3 0 0 0 1 0 1 1
4 2 3 6 1 1 0 1 1
4 6 1 4 3 3 0 0 0
4 4 2 1 0 3 0 3 3
1 2 6 3 2 2 2 1 2 2
2 0 0 5 0 0 1 1 1 1 1
6 4 3 7 0 1 1 0 0 1
4 2 1 0 3 3 0 0 0
sleep 151
5 4 0 5 1 0 0 0 0 0
3 2 5 6 2 2 1 1 1 1
3 7 4 0 2 3 3 3 3 3 3 3
6 6 2 5 0 0 3 0 0
7 5 1 3 3 3 0 0 0 0 0 0
6 1 3 3 1 0 0 1 0
6 5 1 0 0 0 0 3 3 3 0 3 3 0
4 4 6 1 3 3 2 3 2
7 2 4 7 1 0 0 1 0 1 1 1
sleep 183
6 7 7 2 3 2 3 3 3 3
6 4 2 2 3 0 3 0 0 0
4 7 5 2 3 2 3 3 3 3
2 5 6 3 2 2 2 3 3 2
5 6 6 1 3 3 2 3 3 3
6 5 3 0 0 3 3 3 0 0 3 3
2 5 5 2 3 3 3 2 2 2
4 5 4 0 3 3 3 3 3
5 0 3 6 0 0 1 1 1 1 1 1
6 5 2 6 0 0 1 0 0
5 3 0 4 1 0 0 0 0 0
1 2 4 4 1 2 1 2 2
7 3 0 2 0 3 0 0 0 0 0 0
4 1 1 4 0 1 1 1 0 0
6 7 5 3 0 3 3 3 3
sleep 163
1 0 6 7 1 1 1 1 2 1 1 2 1 2 2 2
6 0 4 3 1 0 1 0 1
0 6 4 4 3 3 2 2 2 2
4 0 2 5 1 0 1 1 0 1 1
5 2 7 5 2 2 1 1 1
6 1 3 5 1 1 1 1 0 0 0
3 6 5 0 2 2 3 3 3 3 3 3
1 2 5 1 2 3 2 2 2
1 5 4 3 3 3 2 2 2
1 2 5 4 1 2 1 2 2 2
1 4 6 2 3 3 2 2 2 2 2
4 1 5 7 2 1 1 1 1 1 1
4 4 7 7 2 2 1 1 2 1
5 1 5 6 1 1 1 1 1
6 6 3 3 3 3 0 0 0 3
3 7 5 4 2 3 3 3 2
5 3 7 6 2 2 1 1 1
1 6 6 4 3 2 3 2 2 2 2
sleep 265
4 2 5 6 2 1 1 1 1
5 4 2 6 1 0 0 0 1
1 6 7 5 2 3 2 2 2 2 2
3 2 2 6 1 1 1 1 0
6 7 3 3 3 3 3 3 0 0 0
7 0 1 4 0 1 0 0 0 1 1 1 0 0
5 1 2 6 0 0 1 0 1 1 1 1
3 1 6 6 1 2 2 2 1 1 1 1
5 5 0 3 0 0 0 3 0 3 0
3 5 7 2 3 2 3 2 3 2 2
2 6 5 0 2 2 3 2 3 3 3 3 3
0 3 4 6 2 2 2 2 1 1 1
sleep 255
3 0 6 3 1 1 2 1 2 2
1 6 7 5 3 2 2 2 2 2 2
4 3 1 5 1 1 0 0 0
5 5 3 0 3 0 0 3 3 3 3
7 6 5 1 3 0 3 3 0 3 3
7 2 5 6 1 1 0 1 0 1
6 6 4 2 0 3 3 3 3 0
7 4 2 6 1 1 0 0 0 0 0
7 5 5 1 3 0 0 3 3 3
7 1 3 3 1 1 0 0 0 0
1 2 5 1 2 2 2 3 2
4 5 6 2 2 3 2 3 3
sleep 193
7 5 5 2 3 0 3 0 3
5 2 3 5 1 0 0 1 1
7 6 4 3 0 0 0 3 3 3
4 2 7 5 1 1 2 1 2 2
2 4 6 3 2 2 3 2 2
4 6 5 1 2 3 3 3 3 3
3 7 6 5 2 2 2 3 3
3 1 5 4 1 1 2 2 1
6 3 1 4 1 0 0 0 0 0
5 1 2 3 1 0 1 0 0
0 2 5 2 2 2 2 2 2
1 1 5 4 1 2 1 1 2 2 2
6 2 3 0 3 0 0 3 0
7 1 3 5 1 0 1 0 1 1 0 0
3 7 7 3 3 2 2 2 3 3 2 3
4 5 6 2 2 2 3 3 3
4 5 1 0 0 0 3 0 3 3 3 3
5 6 2 2 3 0 0 3 0 3 3
sleep 188
1 2 7 5 1 2 1 2 2 1 2 2 2
7 5 7 0 3 3 3 3 3
7 2 0 6 1 1 0 1 0 0 1 0 0 0 0
3 6 4 2 2 3 3 3 3
4 4 3 0 3 0 3 3 3
2 7 4 4 2 2 3 3 3
7 7 5 2 0 0 3 3 3 3 3
7 3 2 3 0 0 0 0 0
2 7 6 2 3 3 3 3 3 2 2 2 2
1 6 3 3 2 2 3 3 3
4 4 0 5 1 0 0 0 0
1 2 5 4 2 2 1 2 2 1
1 1 3 5 1 2 2 1 1 1
sleep 261
2 1 6 4 1 2 1 1 2 2 2
0 6 3 3 3 2 3 2 3 2
0 3 3 7 2 1 2 2 1 1 1
4 7 5 3 2 3 3 3 3
4 5 7 0 3 3 3 3 3 2 2 2
4 0 7 5 1 1 2 2 1 1 2 1
1 6 3 2 2 2 3 3 3 3
7 2 5 6 0 1 0 1 1 1
1 3 5 1 3 3 2 2 2 2
7 5 2 4 3 0 0 0 0 0
2 5 5 3 3 3 2 2 2
6 2 5 7 0 1 1 1 1 1
1 5 6 5 2 2 2 2 2
sleep 240
3 5 5 2 2 3 3 2 3
5 1 2 3 0 1 1 0 0
5 4 3 7 1 1 1 0 0
2 6 1 0 0 3 3 3 3 3 3
7 6 4 2 3 3 3 0 3 0 0
1 6 4 2 3 2 2 2 3 3 3
1 1 6 3 1 1 2 2 2 2 2
7 6 4 1 0 3 3 0 3 3 3 0
2 2 1 6 1 1 0 1 1
6 5 3 7 0 1 0 1 0
0 3 4 1 3 3 2 2 2 2
1 6 6 4 3 3 2 2 2 2 2
2 4 5 0 2 3 2 3 2 3 3
2 5 4 1 2 3 3 2 3 3
3 5 6 2 3 3 2 3 2 2
0 4 6 2 3 2 2 2 2 2 2 3
7 5 1 4 0 3 0 0 0 0 0
7 5 6 0 0 3 3 3 3 3
0 5 5 4 3 2 2 2 2 2
sleep 228
4 2 7 5 1 1 2 2 1 2
3 5 5 2 3 3 3 2 2
6 3 7 7 2 1 1 1 1
4 6 2 2 3 3 0 3 0 3
4 7 0 1 0 0 3 3 0 3 0 3 3 3
1 4 4 1 3 3 3 2 2 2
0 4 6 5 1 2 2 2 2 2 2
5 3 1 5 1 1 0 0 0 0
3 4 0 7 1 0 0 1 0 1
3 1 6 7 2 1 2 2 1 1 1 1 1
2 7 7 3 2 3 3 2 2 3 3 2 2
1 3 5 6 2 2 1 1 1 2 2
5 5 3 2 0 0 3 3 3
sleep 180
6 7 2 2 0 0 0 0 3 3 3 3 3
4 1 5 6 2 1 1 1 1 1
0 5 4 7 2 2 2 2 1 1
2 3 4 6 1 2 2 1 1
5 3 1 1 3 3 0 0 0 0
3 6 6 4 2 2 3 3 2
1 7 3 4 3 3 3 2 2
7 0 7 7 1 1 1 1 1 1 1
6 5 0 2 3 3 0 3 0 0 0 0 0
6 5 3 3 0 0 3 3 0
7 1 6 5 0 1 1 1 1
2 6 6 4 2 3 3 2 2 2
1 3 5 5 1 2 2 1 2 2
sleep 249
6 5 3 3 3 3 0 0 0
6 6 5 1 0 3 3 3 3 3
2 3 5 5 2 2 1 1 2
5 2 2 4 1 0 1 0 0
5 7 2 4 0 0 0 3 3 3
7 6 1 1 3 3 3 3 3 0 0 0 0 0 0
4 7 6 4 3 2 2 3 3
5 4 6 0 2 3 3 3 3
1 4 5 5 1 2 2 2 2
0 4 3 7 1 2 2 2 1 1
4 4 2 0 0 0 3 3 3 3
sleep 215
5 6 4 1 0 3 3 3 3 3
2 3 6 2 3 2 2 2 2
6 6 0 5 3 0 0 0 0 0 0
4 1 3 6 0 1 1 1 1 1
3 4 5 1 2 2 3 3 3
3 1 6 7 1 1 2 2 1 1 1 1 2
5 2 1 5 1 1 0 1 0 0 0
7 5 1 5 0 0 0 0 0 0
5 5 7 1 3 3 2 2 3 3
1 5 6 3 2 2 3 2 2 3 2
6 4 0 2 3 3 0 0 0 0 0 0
7 5 2 4 0 3 0 0 0 0
2 1 6 3 2 2 2 2 1 1
2 1 5 3 2 1 2 2 1
7 3 6 7 1 1 0 1 1
4 2 3 7 1 0 1 1 1 1
5 7 4 2 0 3 3 3 3 3
3 2 6 5 2 1 2 2 1 1
sleep 204
5 5 2 2 0 3 3 0 3 0
5 7 5 0 3 3 3 3 3 3 3
7 3 3 1 3 0 0 0 0 3
7 2 2 7 1 0 1 1 0 0 1 0 1 0
1 5 4 3 3 2 3 2 2
2 0 5 4 1 1 2 1 2 1 2
3 7 5 3 3 3 3 3 2 2
3 5 4 0 3 3 2 3 3 3
6 5 3 2 0 0 3 3 3 0
3 2 5 6 1 1 2 1 2 1
1 5 6 3 2 2 2 2 2 3 3
0 4 7 5 2 2 1 2 2 2 2 2
2 4 6 6 2 2 2 2 1 1
6 5 2 3 3 3 0 0 0 0
2 6 7 4 3 3 2 2 2 2 2
sleep 197
4 2 6 6 1 1 1 2 1 2
2 7 5 5 2 3 2 3 2
2 0 3 7 1 2 1 1 1 1 1 1
5 1 3 5 0 1 0 1 1 1
3 5 7 6 1 2 2 2 2
2 6 5 3 3 3 2 3 2 2
3 2 5 5 1 1 1 2 2
2 3 6 4 1 2 2 2 2
3 6 1 3 0 0 3 3 3
3 2 3 7 1 1 1 1 1
sleep 154
6 6 4 3 0 3 3 3 0
5 5 0 3 0 0 3 3 0 0 0
1 3 4 6 2 2 2 1 1 1
2 7 3 3 2 3 3 3 3
4 4 0 5 1 0 0 0 0
3 3 0 1 0 0 0 3 3
2 5 1 1 3 0 3 3 3
5 7 7 3 3 3 3 3 2 2
5 5 1 3 0 3 3 0 0 0
4 2 2 7 0 0 1 1 1 1 1
1 5 5 4 2 3 2 2 2
sleep 246
6 6 1 0 0 3 0 3 3 3 3 0 3 0 0
1 5 4 3 2 3 2 2 3
2 4 4 7 2 1 1 1 2
0 3 7 1 3 2 3 2 2 2 2 2 2
2 7 6 6 3 2 2 2 2
3 5 6 7 2 1 2 2 1
4 7 2 1 3 0 0 3 3 3 3 3
1 7 3 0 2 3 3 3 3 3 2 3 3
1 4 6 5 2 2 2 2 1 2
4 6 2 2 3 0 3 3 0 3
sleep 212
5 0 2 6 1 0 1 1 1 0 1 1 0
6 6 2 2 0 3 3 0 0 0 3 3
4 3 6 6 1 1 2 1 2
2 2 7 4 2 2 1 2 2 2 1
7 0 0 4 0 0 0 0 0 0 0 1 1 1 1
sleep 106
3 5 7 6 1 2 2 2 2
6 4 4 1 0 0 3 3 3
1 1 5 5 2 1 2 2 1 1 2 1
5 5 2 3 3 3 0 0 0
0 4 6 5 2 2 1 2 2 2 2
5 3 1 0 0 0 0 3 0 3 3
7 3 3 5 1 0 0 0 1 0
2 3 7 4 2 2 1 2 2 2
7 3 2 5 1 0 1 0 0 0 0
7 4 2 0 0 0 0 0 0 3 3 3 3
2 4 7 3 2 2 2 2 2 3
2 4 5 6 1 1 2 2 2
7 1 7 7 1 1 1 1 1 1
sleep 180
3 5 6 7 1 1 2 2 2
3 3 6 5 2 1 1 2 2
6 5 3 3 3 0 3 0 0
5 2 0 3 0 1 0 0 0 0
4 6 6 1 3 2 2 3 3 3 3
2 2 3 6 1 2 1 1 1
sleep 157
5 3 2 6 0 1 1 1 0 0
5 6 6 2 3 2 3 3 3
5 5 1 1 0 3 0 0 0 3 3 3
